4121 314612120159
4123 911413822131
4122 813711881428
4065 129114211012
4012 313117138953
4033 147140227031
4097 621164945752
4032 145512531578
4039 155312827331
4045 119791772512
4056 396513333110
4077 115154909131
4088 283263311563
4104 615612551581
4018 413151198201
4078 131281995926
4025 118462234512
4005 710121532114
4042 141431172153
4090 151311961361
4035 721214781298
4026 114819985043
4058 111315390410
4006 121211520415
4107 107114554111
4061 148130280901
4108 105339920275
4003 971955171311
4081 459141513261
4101 353879202103
4115 349127996121
4021 141216711481
4027 561511859991
4110 212141525354
4106 015111681110
4084 984011716336
4015 131512421213
4016 212074301315
4079 668029871363
4030 612871834715
4007 121311501386
4009 159401795111
4076 149101443996
4070 313141645448
4024 048121542828
4071 921412490271
4066 111493557513
4103 341012256489
4037 154311121551
4002 515674329411
4062 002514461013
4072 796101360812
4096 101167561111
4049 811658611021
4091 121171655311
4008 153153744810
4017 414961460665
4013 753138492511
4087 141111792491
4064 104101671021
4019 143615200132
4116 910109562105
4109 515623546141
4038 108910782358
4112 911117423125
4068 111078796103
4057 110127860581
4031 224701334915
4048 828212141412
4051 954128951442
4043 114983294310
4020 121585609804
4100 107621993514
4046 413751221661
4023 297911391141
4059 111140991341
4028 106636111685
4063 001141412153
4060 912537723504
4069 906113275085
4055 786101624471
4114 011082191455
4044 411410901011
4082 719299991311
4083 471080681141
4111 110111360141
4102 131214641139
4067 731259806074
4050 931265445437
4099 147158495415
4034 415135441741
4041 410118909696
4075 157142311141
4052 131212221511
4074 615137111415
4040 105699831513
4011 810148231061
4098 141143852111
